8245
-5561
-7671
5640
7740
5191
348
-8258
2968
6745
8352
-6886
-441
9850
-751
-3033
4683
-3876
-3481
8873
9750
9462
-6939
-9766
-4029
-6228
478
-6491
6452
2011
2881
2314
8989
3667
-1958
544
-2374
-5324
-2976
-3773
-7545
-9969
7191
3606
2555
4221
1110
8633
9772
4215
-3976
7843
-5755
-9279
9137
2500
-2927
-3052
8094
-3176
-7978
-547
9641
2408
-2888
2543
-9422
8589
-1375
6436
-8694
-4315
1550
-6167
1603
-982
1754
-5696
4188
-6941
7180
2376
6363
-2143
5
-9920
7020
-1968
9116
-2519
-1779
5477
-4059
-8765
6070
5754
1229
1389
1567
-7630