8245
-5561
-7671
5640
7740
5191
348
-8258
2968
6745
8352
-6886
-441
9850
-751
-3033
4683
-3876
-3481
8873
9750
9462
-6939
-9766
-4029
-6228
478
-6491
6452
2011
2881
2314
8989
3667
-1958
544
-2374
-5324
-2976
-3773
-7545
-9969
7191
3606
2555
4221
1110
8633
9772
4215
-3976
7843
-5755
-9279
9137
2500
-2927
-3052
8094
-3176
-7978
-547
9641
2408
-2888
2543
-9422
8589
-1375
6436
-8694
-4315
1550
-6167
1603
-982
1754
-5696
4188
-6941
7180
2376
6363
-2143
5
-9920
7020
-1968
9116
-2519
-1779
5477
-4059
-8765
6070
5754
1229
1389
1567
-7630
-7935
1097
3160
-2504
2994
-9307
-1763
2283
-2532
-7631
3215
3652
4115
4976
-5251
6670
-5726
-8585
-7563
-1363
7661
202
-8357
-5692
3740
2988
325
4373
2237
7985
8857
9761
7271
6383
2636
4071
8962
2135
-9900
7284
7893
249
3258
-9036
2345
-8723
-9466
6461
-5166
-9985
-7956
-6468
-4260
9639
7463
-360
-1014
2251
-9175
-6242
4598
-4905
9552
6057
-6976
-406
-8651
-119
6518
-434
-1600
-7483
5426
-3237
-1158
-1824
9731
-3364
-3648
-477
4626
-6476
1648
2093
1978
-6019
-3914
8322
2766
7503
170
7203
-3363
-5174
-2423
-7773
-5747
-4394
4340
-5150
-7541
-9436
2873
-2828
5001
-5983
9706
-5770
-6636
-488
9597
2800
-2517
4695
-5540
-3905
5266
-2120
-8634
-6023
4181
8398
1356
-6808
5989
-4955
1449
5573
1162
-4606
-6451
-4807
76
-4358
-7360
6091
-5885
6711
2860
-1313
7334
2387
4908
559
-4496
-9961
-4942
-971
-9155
2590
8275
-8453
6199
7840
4794
9632
8255
8536
6245
-7751
-5844
9062
1895
-6964
749
-5973
2846
-9556
-1769
-9163
7631
6011
-1786
-5219
4366
4282
-5565
-7440
6476
8666
-2773
-7267
3291
1417
3211
-3536
-5079
3254
-5842
1737
2794
-6231
7994
6398
7648
7464
-2534
-8062
2390
-5882
-5141
3137
-5669
8540
5689
1197
-1480
4174
-7923
3811
-1986
-1232
6758
3397
-733
3728
-3223
7210
-2368
-3788
697
1846
-3937
-3999
4102
1400
1184
-6864
8663
-6545
2996
-3823
6189
-440
-445
9320
7404
-3872
-582
9498
-1707
-6505
454
-2511
-6255
-7869
-7916
-5087
4530
8364
1305
3416
8912
9608
3738
-9181
2726
3571
4320
4779
-3317
7339
4468
-6427
5916
8370
-6475
9689
4947
-5684
-2345
1303
1073
9395
8798
-6748
6999
189
1225
-5795
-2468
724
-3390
-2021
-1356
7078
6874
8837
-6263
7435
-3700
-7857
-5016
7123
1034
3939
-4328
-1251
5516
-6140
-341
9060
5184
-4313
-4062
-3959
-1476
-1421
-6010
-3425
4226
8238
-2402
-3393
3891
5175
3006
-7186
-4767
7565
7711
-853
-2030
-3859
2715
-9971
7474
8961
-7101
-7993
5208
5921
-3378
-9945
-7063
4037
-9540
-2617
4630
2139
1848
4450
-4561
-3983
-3941
-4542
8100
-7277
-8822
-1094
1274
-6235
9942
-8439
742
4216
-4824
-9500
7705
-9152
4214
4617
6768
-3314
8491
-9003
-9936
7267
6934
8842
-3848
-4652
8402
6709
-9504
567
7358
1568
-3925
8301
3286
-9028
1866
1573
1960
-9489
-7427
-2526
351
6923
2382
-7095
629
-9895
-9887
4800
-9251
6464
1629
-6276